39192838064239609572845075855742560860218018940104985173115533138993439062058927040428372708644069704384649696259253
38264778324151334622487118188065599155107967624626296961519671482445849793456940407345872856977134154243559650825911
26162328470445241294130660081814735874735457273870712021489643626249222799235130032653130478605910960963284421415033
28289441954125951067071218202706955693762072786608895916459805354890835983354328443973986063986314048440637155186463
24090642090640402841941211040647317953220209530445700232985621611901642049790411137135498901052786865979994006349883
24537888280534347829429345643562643060933885577765378646167420126747169803754949060826335203830894735579904245733281
34025651955617451022229222595453546039544459665077021009143624334044872804567141556695290152289410204218336083646649
24543326893613797118273494111782820442663537132957253432834707374296731934955011655728277825557081488521607161053127
22709437437362676743186825754532745340666914469643539851161093062890205723590120653206579220434599781244354449644927
32627039567214314915022808704676665278172841730615112041465867642967869051566690619102411528031653366432284702462301
32032874057831702458446991900590663351466850561544831386142272378219682780918076671249215503027053610387856194422871
29480861755014253348762383966304190472333528304333971638570113108607356309376828438174652794830639470351154126711187
19938564484569706587267102618908736177149807640392086448591554894329547192459798095878903403270813522146327128752353
25537709805333617740090471119666847143709016562512901578137809318378815763467399422941193495371010788543694637752919
37370022325995758044506150076318014539768402950032407072485513027130778432352318858860150156793571938962067764123937
33056821903211965121201647787763930004537544632818327546864270916509522615407406062055520732613781580824983277809249
20158710485593754517818388696861241786223363403415830375543732335589301427901835837642474992024747547927984508206031
31018746245329773729616695965509751646639841851901257036566208694394905314596607390377026809349450679899644855412909
37176284968819475323289978851244889339369346088778069060994902326214457876722380658050754234116996158327956506166083
35641063658529054943695839030739563136856746866274929310829737927577981802730173889485244784066256572881079343652151
25923476399678157516662811574596644026046388947675375236469344888405979707136513034689349197864347092785569802669711
38831606237087121877973742097022348497067547588258134260551687998205350770435715257536355207618364307202789429412777
22641985303789485137888109389366655142313245710737261890042155208324865543045139659984277051747147111937110669362117
39274270535566804964942341165703400663883075649223057017798120040052302121396879312010570352146312260641559629782927
29792329012252836897880938421527706297367351226557339505910780650436524983866644028952154557597569188139164379557017
25633359293987011352561925568580075162717567712140553382767266127707671823252397115576287201779379097127863806567179
32753291544115604334163373279266076009162014892439214152077163945574893970584634410619047828016624068012453967828507
30279779768874445537961989113211158652368897086874302675859836697119488985680606598853961408209770092440086588761397
26423597636760633231705352482636023100826121859472517948356208996871721622913693852380462151717393278090301228387367
35007876257821831083397354097793125478064940538715056564122471446292360199549908910838467509202382404668538877293721
27494533316126754723252148743199486713313166981244775710715104892031552366277917529905959482581130570734668358801681
25305743546327384911796926556404775707928746141188898657526480216772323425848542679959572500009646647548499368333543
28981270346158539181081170014033095620174685236681713731471921063344183787533275478404484729156076840620280748584273
31724937579290177505528790494015034098330241551134373653032332613450591469505664933619287198146293401167822926945893
26025306937380656351081449327938918033742831682102125106011755047394910499815122272467095177078326203709779295224753
36280793991767893310193501389327343307972599213083056077485656047951366799581001966540975444835728744318468534048781
27944962951884929719659308922344493080240765931958209178136793666333229777591645653851789185122419235838966884654547
21815517448922847703563721749567531997088301022212158576736197705816419260025270150496024272180701269238909808548473
34570505279186590984288868323439785002881661707110424064577653706851912418262209592477293273794434109210341997149729
32217773934857978737749634865129898755720890229846443716790351452846021316084177631231010972874611678553896679262779
37601020251782040114690234542030915160967236486699463687957413875891814458093692049643483366766706365768949555521259
34585115483672795402579845873437904824201907264096321813717845666456594526996074342060741523560031668774015274386763
30039112296872049333486746607344847586926998105570213459887770249907513144886476207944391052805218238588766541534149
27328820735010784641148107985214406989498470249428276966796798589078817814030316071413642437821948008368094252075353
32755261409855574750951364280592031781453627715487445146122518074360066173796509557917551474134017343882716231632779
32587891225080425848180812553777186538687714445152832814148210355692075012189219642132007442307237708889567606292829
30035523051233463878040590605709365555711608013732632221503881189424262362218517733560660654819339675874970561422497
25436140873775328894985510935423588931614758397499102319712461451230777194131884602005716145092124610070680077217291
23514396551071149804789143578766560816585886939705508505221021749312137020973759810044678483149125325378487402853133
21239762160175018838541384402847413946830083801054587145947480537570275657654801323566364808854425493284014038117897
23641205508681590311398201704766476808731891564399822847937492281660498787216636000291550429301079163825200022849101
22697973828834130879570053115751743958714069836601210088001455521678185258312911475489684897668947893047515832071737
24326451953872796767593633464969464186668605458344034712083196615439517387445668033989619450920063224432098651239173
37541336276859823362011504613710091507938909621086514447314736867386334302595427692301572947000413025650348378741691
21698192042059669598336236119164972255821965860880626319880904513292923167410365557006972690375666860218833963079411
19725188220206875769432596183031917660671828977070637363582549095048589863826992304057283580480639602734142593112131
24967202567466421760975926791690208506325403424277729241017897583736382471050273444552496191692749604491004054249111
33376830953972785459005068078806620417583059634456270272922660699325721852336200878694427890184349771695560363680951
19779929607817975305816836391629560829430711023509021712003001658775570684772356522980335879334015021361724375147239
33003787053921010686952377723082214087855354415186289946646767161174742782210697567785926215333044425100967176171553
29753529907211891801510725322706043375700964592102907987119073628259922689905203741215963701540686068412258138669671
26519226925052898049129121067100660136594784270121754710368787708783626281688061078432993799654616450518686691173283
20685073931853889790301325708437138633368611421772917595365925475724136580876946010089284834370535495285240416616241
35241394751835276498914712520862855944255354659403262937242178576277142932378332851452949440767032112572355455715853
30812707372154299233020136718631855666195062245118162183291389498031600359507533362077639904887119245521737849751191
19860490218052067429599481416613819695420431785421224591798554121165079971908177548608017798886973673661398554099401
34173075528821791281808090236623397368787933178542347327988757925255152238732502367128732630019759033967345258847649
20802760267201747658216948521819545787275970418295401255685356912996641808072710985150075107538474747857280469662749
20294179554491399479170324658402713878610769478123516088441191566325678319315103751745739212785753301405191255885767
37786420307294932527475677797744852566663431230744980608911125423424308702821279605713499456078404254151439592265901
33651235893475904860013433340800986467870581071020040778649852769344090408278933022413876643667277236126159576980861
26903879443479972424166604810225317631717655180182979263319906242942957366015176682434113541623152310823573589445549
32835917849284191464422642357531267540643706261694276380732851480922731961930625081333959866132534951760859117255267
25764402470910392378722944349204369173518762958218781130317076443784340830124470939496357114826259069184193790711307
34364505496297011660538163859893326859773521696334399556515790363247009837171010947811237763578945239050695884213331
21065457652204022284764907333439775280762090124969945029880479929743729196391612180743398085410894483388573754095449
27025089840173472990933787205341400584049394827002812516934315056569621294269688673701148646212138599245444764045149
22780505458767703149898767975200188417913753782906025381222392340652013788440749703835406610132363043880046483104901
20389575926061489539403420854670929287523842859741518396659394131429579956398880039591212652846246623100285402490341
25018919190077448905526920774304705019481461816272539834331211652826882092435508868441488591102914028660649878871327
38899836406969258793106380217751627875576282656892024614409696077418416685026649602033542598135526296859282243415589
36926952030996981966777243167374281071825080501454078780810434743471153991274533984489218897843419824218766056130099
22250321720228159167232955562039625651004689774111035125973183358254922079992515920087173738180861485455931418149891
21345263094589801732861925703800134080508825473795848927773651680620306683850158581528327272581930891674986609133923
33775826607005224710586328890685480653942891923671406125164232521574825386100036100185755720665121815528542299598291
28902775069128711314495428749383415425967430671415458998639381127048444310193144459191705224435617063568620363160491
36588643991935580344952906603730352242973029672822084511983687731452713478928174728679586263645078355583847737127329
36019943125540559111314282611732256462206697423798023086009005121474396852183796937993453102527237935324317367789047
31860351068908738610776618840158896404143399398575597870202130793873913624038416700119077979323465398902886013073697
28089003443074885795186048519895932703919197769038684067922503666190885608895565959019312166277215178103699134181453
